#.\compute_anytime_optimal.py -t youtube -a 82 -g AnytimeEfficientBFSNi
# GMT Fri Jan 23 10:20:03 2026
# 
3366
113072
95027
527237
499643
344566
47712
26415
234634
84175
180758
99731
463338
163647
255829
526755
248258
228431
113289
50614
108513
217314
92671
105923
171217
117213
160738
226098
6190
248070
95769
497910
74747
113684
21295
68280
240175
68149
326938
151511
587185
555116
88659
168102
34186
291844
191918
66502
37954
75054
489980
311278
74101
30553
30415
483240
74246
130609
47708
370700
494917
543206
92153
407790
4814
459911
98785
84829
242886
617063
27660
104467
296133
71476
127267
203625
608729
678
176570
94090
62661
49085
8390
187739
236478
281464
9842
4083
47477
49137
277317
129588
231063
184951
110882
303791
341526
513126
501500
104095
