#.\compute_min.py -t youtube
# GMT Sun Mar  2 09:34:05 2025
# 
18864 170
77331
79259
8184
238010
47518
378291
148836 170
167290
211358
596
344486
72433
517067
104467
95149
448394
242788
237408
311450
215166
78666
601776
11942
247379
62165
341217
8802
607942
398837
69889
5153
71122
44924
23088
8581
240358
266434
262804
95683
50421
20317
279253
110949
214932
98057
6116
115992
30260
82164
23327
604791
534844
60874
436620
326104
176301
2451
226692
447007
390244
105840
322231
83417
270650
97020
5081 255996
633047
189880
53396
617988
112895
176048
144902 170
286793
74429
184676
228881
280693
154590
560824
140140
134509
48869
289589
8541
245533
304504
99723
91441
398511
439111
561287
579200
613865
203587
104126
171670
583799
213742
277114
601887
274797
227469
64198
366087
278816
24282
89688
11261
271828
113883
3574
271003
305100
4546
520075
158265
148523
67522
195357
409831
203608
19006
102514
340
137470
51213
60894
10550
154221
170 2984 78609 136706 147651 374778 460266 503604 4302 161807 134014 144223
74454
27581
59202
525563 263199
62311
35315
659671
397757
64776
171321
88638
31647
268845
538941
254426
145000
234873
161807
175667
425561
286507
656474
1844 20373 20998 92802 11881 94343
1369
492638
442960
20754
22750
109018
266862
101667
17149 90896
53814
549399
229981
249047
570549
73377
440885
2365
274598
136706
275551
115205
119572
304328
96362
419647
275809
27451
106863
49137
17417
353185
4302
93637
103279
186858
374778
657228
169749
384062
154474
306895
237807
135172
134014
195416
69969
177764
11192
399588
305327
87352
386954
118292
20208 237133
583590
359010
561489
13044
410378
488020
145557
393244
28 49
29210
525898
94343
359756
11012
174860
25647
112916
92637
300729
431343
134925
94490
95019
170581
137373
306630
209844
7974
5309
229153
475965
543344
579211
52895
211415
126106
389728
112990
5239
230928
78271
252192
506471
38499
658063
413428
173055
28673
279213
247067
8269
191496
151418
473395
261413
90522
210160
181873
86721
74315
478570
216108
92802
451238
628849
169980
188776
171250
147404
409110
260879
11881
87838
93853
247121
59804
74100
171885
1455
24534
619063
175272
305546
179218
74426
147651
117972
113222
229300
120991
295575
125659
246957
212056
640738
87008
240161
303113
562126
246566
275609
460266
104092
184873
183762
125658
274190
116640
205862
90896
377694
88926
105548
485524
303563
96625
170389
64
129013
74416
385969
2609 115934
94857
263199
333409
503604
167820
270305
8078
397172
4008
307340
117419
132103
447689
2984
508740
70592
395247
643
355840
283533
78609
2835
568477
226634
194032
86870
4013
149884
218336
115019
349765
24395
48423
110431
8741
96699
336330
395842
93279
181164
110760
52311
447657
177069
614418
210892
17285
85716
491930
322100
358665
99241
187172
273517
494796
226682
177619
124319
78373
413241
38158
115934
71427
20373
612981
282541
132451
245320
29805
547647
84866
144223
269985
18793
191116
115996
555010
93482
281492
14052
197092
100536
44153
281536
1625
255996
145114
410410
36215
75962
177667
8507
129879
226629
20998
54018
73928
150331
102404
135818
388404
292413
344469
73109
171358
262717
449434
202749
17283
74125
537144
32674
413511
71792
110158
171411
171181
47723
93531
370732
114184
464025
422349
49
104142
251695
272162
159916
92271
249029
315320
74165
27432
111413
336837
250297
216241
542839
291216
286058
215221
175988
428655
74137
449013
224786
241326
29188
198607
382973
85532
140620
212256
45053
216107
226151
3995
227475
216873
455474
112879
181790
236338
532192
169199
116326
225217
315337
237133
