#.\compute_anytime_optimal.py -t youtube -a 88 -g AnytimeAugmentedMCTS -n 1000 -rt 1000
# GMT Sun Mar  8 11:17:42 2026
# 
165774
142172
217592
4686
406027
57171
1172
212355
81030
9842
463338
84829
45210
249762
286051 1024
23188
407258
94705
303671
366856
113187
385137
303791
459911
349522
255829
221716
70134
251166
215317
615065
118757
154630
113014
78683 389720
54795
94763
517338
58899
385902
366444
74301
262726
62661
100931
106591
199500
100678
181733
261408
248070
201198
203625
45303
167383
97168
227373
215458
410389
171066
240230
31082
191091
53108
7147
75645
572 104467
513126
77203
105548
212443
447647
618
248258
112790
126037
215271
227365
341880
157792
545807
151234
583565
483240
271239
145495
230581
30711
94090
73371
254332
100215
127267
254355
125669
246725
71137
104473
393036
63336
187739
64009
112535
300698
170084
47708
228004
110882
483184
386889
151509
260140
167803
25575 2709
126125
184879
117067
101057
109674
276973
125568
391903
379108
30415
20606
28624
198890
249013
8783
227549
208510
202739
1024 20221 78452 243726 262810 39133 52172 343497
187198
447373
118894
385122
95161
611676
439233
479571
359521
82372
595226
370700
2480
115934
248159
179326
322823
329067
138244
197501
270326
228431
92187
5906
483216
47775
101349
170065
222814
184963
194307
369602
84854
14717
336895
155504
481971
190202
183751
3366 167924 192229
74240
15896
473618
561590
304342
442916
52172
126425
505135
60257
280847
182142
88659 2709
68277
236478
269607
348071
104273
417637
338299
128035
193414
201170
267734
355720
442894
534061
2198
454891
304385
78801
549752
133450
22143
133604
167661
646859
217909
1280
527237
401130
155369
415281
2709 97042 160738 175661 266608 274332 397984 437131 138519 175596 279143 397172
75947
298533
115939
125696
47795
407427
193449
44816
2509
346033
93625
613612
93033
8801
75183
186648 7093
27415 389221
516985
44221
167730
8390
105081
27709 389944
528345
3398
407518
91328
68280
587185
7886
38463
63354
165396
436521
4814
105110
102376
344566
311278
215973
378692
271331 529732
45553
608729
268739
108823
6158
22080
235978
36676
15814
182823
53442
13792
228631
790
115958
138519
225021
30289
166994
22821
459944
86834
443998
125709
257161
70410
74364
230994
167858
451766
237408
127235
140292
56157
77664
113233
262701
262743
157280
6190
73743
389012
126082
659669
215224
223588
108661
88002
223037
107603
116611
114184
120739
118662
55437
178410
117224
215526
92192
235238
2017
180758
93370
616069
44317
10425
130079
59973
110455
248234
192229
325500
558309
235680
211375
281572
336817
337240
99731
240175
599533
105923
335457
116675
324947
52902
61838
50972
113133
104429
99625
96795
187998
201708
261853 22938
6829
4603
408055
423981
66660
178409
167595
6752 10571 181686
208492
166181
497910
74262
245331
268345
146716
96804
488622
88645
665
74101
104689
35566
222069
220689
170346
310389
290872
97209
68156
279143
381815
266749
226637
97449
433011
409990
577802
620364
257048
309516
37589
463476
508625
97374
92671
37948
127312
222066
113216
382229
284124
133602
74302
499643
95118
9052
75563
447689
430717
74246
27206
30268
21990
241597
336319
247205
189007
226327
252800
112942
24284
154552
393690
5232
281477
171634
293684
86799
154661
107235
164601
102770
98785
175661
235580
35379
8735
96699
437131
28944 284135
47739
125677
26415
478123
93984
543206
580973
622651
56540
442861
86681
97169
216291
88128
438587
127074
261742
707
126286
50635
542714
227167
5092
4788
234634
227160
220720
13662
110877
232866
352083
272607
252403
167924
566343
253091
465524
226098
74024
262763
63995
191918
617063
329073
74150
22593
93638
2414
393001
42860
38480
190322
18864
2766
242886
76021
55340
308441
151489
53139
69821
94692
430465
163647
10801
180974
1835 157
504763
428124
49025
17883
389720
537227
30635
39651
71643
437852
149287
299490
65181
397984
463772
21900
148201
134132
215038
559561
4781
164505
307105
419061
212563
286920
49085
127833
12837
104348
106503
113544
10571
290907
135348
144927
508986
397155
21295
79892
296245
159111
1556
62128
23513
505581
411639
606608
130247
175840
47482
153278
111434
84733
44895
85904
206936
171217
594599
341557
143784
95714
64077
20317
318675
47627
108513
271802
555116
94960
485878
659870
87668
154646
34275
163364
37954
453069
118126
305167
193674
451920
254835
2053
244994
506465
620177
191234
203649
506594
177639
20221
224822
149322
301932
211119
167599
232683
30105
74380
520801
94795
77298
171330
215150
177007
348509
285051
312825
36550
168927
374862
22814
129588
104472
74747
30107
113036
66065
96289
79966
113289
195309
130609
15347
108569
105263
27660
176570
157685
521417
287571
460257
23657
424539
621468
296728
557635
284423
401551
23098
227851
217314
78452
323826
39133
6880
441438
489980
229155
281464
483186
112898
6775
100148
132981
9743
74046
659859
276857
616048
3192 20532 106870
88935
139403
50614
408558
4646
350263
316805
470461
256130
2547
113482
84840
345720
107332
370725
99019
202673
106870
111679
529732
28110
75846
588614
23591
277317
210406
16550
127697
39890
219354
296935
437630
323007
113072
215455
377489
91109
304351
215109
108465
70004
29805
29239
74110
68149
105220
95027
521322
280675
262810
494829
66177
8811
206911
417013
394523
11242
410438
117459
67079
232604
157 43681
125702
226641
501969
143334
184600
137596
296241
104467
49991
295608
351013
145167
448789
109182
152912
63582
194082
249027
184951
144054
181730
527337
296133
106986
445315
49137
249876
435591
445310
16189
472034
231063
291844
554267
155366
20963
104095
90627
351050
628373
95769
243726
100177
434588
170319
501500
71476
4151
101850
271881
162139
570588
125217
339567
66859
160738
266608
338768
7093
567518
6723
4083
97042
190173
109318
482339
284135
155468
47712
73663
70234
63317
145988
364359
217220
116928
390844
95330
182365
226616
134972
48104
191808
512452
71196
448684
313043
287365
124824
2384
143879
169422
271601
110789
92153
226285
343497
270347
626593
34186
33588
320570
298789
494917
74099
3446
210696
75054
63199
176050
432272
47676
164636
285945
171074
22938
113186
135210
117213
304395
377701
181686
63251
274332
204233
397154
307226
407790
115640
113684
33480
10067
389221
94208
252180
38460
60068
397172
189686
482508
37093
92377
442787
4596
183723
37953
427180
198456
327696
145980
2700
30553
175596
86592
69755
526755
47565
360324
26356
2206
19630
249606
18789
109313
22350
326938
87194
469743
274317
623752
389944
205875
604403
133956
170046
184629
146886
881
177793
2841
626799
395872
29235
292948
421468
38499
63446
246552
405847
227345
341526
67839
11963
195662
72473
92178
151511
378548
106221
289025
168102
193209
157993
176398
474807
94374
33826
303378
74136
222410
207715
68260
249023
74208
354567
98364
43681
72402
678
574072
145989
92278
545914
111867
607764
68824
29763
97435
436425
74342
355741
28158
47477
176008
170662
354312
127703
204855
126076
343310
30344
170675
25125
114260
582929
145127
91342
84175
66502
104707
9669
183492
616279
130305
148121
472676
113057
20532
552349
241463
219269
19242
489373
125883
512370
