2846 1684
2846 2687
2846 3109
2846 3209
2846 3212
2846 3320
2846 3345
2846 3360
2420 1465
2420 1912
2420 2032
2420 2039
2420 2062
2420 2081
2420 2117
2420 2138
2420 2241
2420 2279
2420 2292
2420 2319
2420 2333
2420 2511
2420 2617
2420 2643
2420 2653
2029 1912
2029 1944
2029 1981
2029 2062
2029 2081
2029 2117
2029 2182
2029 2242
2029 2298
2029 2318
2029 2325
2029 2333
2029 2344
2029 2396
2029 2438
2995 1684
2995 3051
2376 1912
2376 1929
2376 1983
2376 1984
2376 2005
2376 2040
2376 2055
2376 2064
2376 2073
2376 2095
2376 2122
2376 2154
2376 2165
2376 2200
2376 2201
2376 2212
2376 2257
2376 2276
2376 2290
2376 2303
2376 2309
2376 2369
2376 2374
2376 2392
2376 2395
2376 2414
2376 2418
2376 2430
2376 2460
2376 2462
2376 2484
2376 2520
2376 2532
2376 2539
2376 2546
2376 2550
2376 2551
2376 2552
2376 2563
2376 2576
2376 2578
2376 2579
2376 2604
2376 2607
2376 2625
3145 1684
3145 2707
3145 2840
3145 2853
3145 2869
3145 2881
3145 2894
3145 2992
3145 3051
3145 3082
3145 3113
3145 3169
3145 3185
3145 3201
3145 3267
3145 3277
3145 3287
3145 3291
3145 3320
2048 1912
2048 2132
2048 2226
2048 2292
2048 2296
2048 2425
2048 2544
1903 975
1903 1021
1903 1423
1903 1596
1903 1636
3599 3437
3599 3470
3599 3526
3599 3553
3599 3615
3599 3850
3320 1684
3320 2684
3320 2687
3320 2707
3320 2733
3320 2833
3320 2840
3320 2853
3320 2869
3320 2875
3320 2881
3320 2894
3320 2950
3320 2992
3320 3051
3320 3079
3320 3082
3320 3113
3320 3116
3320 3157
3320 3185
3320 3194
3320 3201
3320 3209
3320 3239
3320 3267
3320 3277
3320 3287
3320 3291
3320 3344
3320 3345
3320 3353
3320 3360
3320 3406
3825 3437
3825 3489
3825 3534
3825 3600
3825 3614
3825 3758
3825 3843
3411 1684
3411 2665
3411 2833
3411 2875
3411 2894
3411 2901
3411 2950
3411 2970
3411 3011
3411 3079
3411 3082
3411 3116
3411 3154
3411 3179
3411 3185
3411 3201
3411 3208
3411 3296
3411 3343
1654 1545
1654 1762
763 686
1983 1912
1983 1929
1983 1984
1983 2005
1983 2040
1983 2055
1983 2058
1983 2064
1983 2073
1983 2095
1983 2122
1983 2154
1983 2189
1983 2200
1983 2201
1983 2210
1983 2212
1983 2257
1983 2276
1983 2290
1983 2299
1983 2303
1983 2306
1983 2309
1983 2369
1983 2374
1983 2395
1983 2414
1983 2430
1983 2460
1983 2476
1983 2484
1983 2489
1983 2495
1983 2520
1983 2532
1983 2539
1983 2546
1983 2550
1983 2551
1983 2552
1983 2563
1983 2578
1983 2579
1983 2604
1983 2607
1983 2625
2681 1684
2681 2756
2681 2757
2681 2800
2681 2835
2681 2925
2681 2929
2681 3014
2681 3090
3163 1684
3163 2987
3163 2993
3163 3073
3163 3090
3163 3149
3163 3195
3163 3435
1242 980
1242 1003
1242 1049
1242 1054
1242 1079
1242 1126
1242 1128
1242 1181
1242 1198
1242 1339
1242 1340
1242 1344
1242 1376
1242 1399
1242 1471
1242 1516
1242 1538
1242 1554
1242 1559
1242 1572
1242 1623
1242 1653
1242 1688
1242 1689
1242 1789
1242 1804
1242 1888
1944 1912
1944 2117
1944 2133
1944 2182
1944 2209
1944 2242
1944 2270
1944 2298
1944 2318
1944 2325
1944 2416
2894 1684
2894 2684
2894 2733
2894 2833
2894 2853
2894 2875
2894 2881
2894 3011
2894 3079
2894 3116
2894 3124
2894 3179
2894 3185
3390 1684
3390 2866
3390 3237
3390 3394
3614 3437
3614 3529
3614 3534
3614 3758
2413 1912
2413 2203
2413 2459
1228 1070
1228 1090
1228 1131
1228 1188
1228 1355
1228 1412
1228 1500
1228 1703
118 0
118 56
118 67
118 98
118 161
118 222
118 239
118 265
118 283
108 0
108 36
108 184
108 197
108 251
108 281
340 0
340 7
340 339
3494 3437
1070 563
1070 606
1070 1007
1070 1011
1070 1052
1070 1188
1070 1225
1070 1303
1070 1355
1070 1412
1070 1472
1070 1500
1070 1504
1070 1507
1070 1529
1070 1536
1070 1624
1070 1630
1070 1703
1070 1738
1070 1745
1070 1904
1042 1052
1042 1225
1042 1536
2579 1912
2579 2073
2579 2154
2579 2165
2579 2201
2579 2210
2579 2290
2579 2299
2579 2306
2579 2309
2579 2369
2579 2374
2579 2395
2579 2460
2579 2495
2579 2520
2579 2546
2579 2578
2579 2604
2579 2625
1318 606
1318 948
1318 1012
1318 1464
1318 1565
1318 1695
1318 1740
1318 1878
1337 950
1337 1321
1337 1327
1337 1360
1337 1369
1337 1518
1337 1537
1337 1567
1337 1585
1337 1697
1337 1858
1337 1863
1337 1911
3490 3437
3185 1684
3185 2733
3185 2833
3185 2840
3185 2875
3185 2881
3185 2950
3185 2970
3185 3051
3185 3082
3185 3116
3185 3124
3185 3179
3185 3201
3185 3267
3185 3277
3185 3287
3185 3360
3185 3409
30 0
30 9
30 56
30 329
2651 1912
2651 2318
2651 2505
3116 1684
3116 2833
3116 2853
3116 2869
3116 2875
3116 2901
3116 2950
3116 2970
3116 3027
3116 3051
3116 3082
3116 3169
3116 3179
3116 3201
3116 3212
3116 3239
3116 3267
3116 3291
3116 3296
3116 3344
3116 3360
3157 1684
3157 2734
3157 3067
3157 3328
399 198
399 364
399 393
1537 950
1537 1346
1537 1518
1537 1567
2242 1912
2242 2062
2242 2117
2242 2133
2242 2182
2242 2209
2242 2239
2242 2298
2242 2318
2242 2325
2242 2395
2242 2425
3113 1684
3113 2751
3113 2833
3113 2853
3113 2869
3113 2881
3113 2901
3113 2950
3113 2992
3113 3002
3113 3019
3113 3027
3113 3051
3113 3082
3113 3169
3113 3179
3113 3201
3113 3267
3113 3277
3113 3291
3738 3437
3738 3443
3738 3464
3738 3529
3738 3630
3738 3752
3738 3972
3830 3437
3830 3480
3830 3481
3830 3501
3830 3518
3830 3563
3830 3574
3830 3577
3830 3578
3830 3611
3830 3639
3830 3651
3830 3683
3830 3691
3830 3741
3830 3756
3830 3790
3830 3841
3830 3873
3830 3880
3830 3918
3830 3943
3830 3968
3830 3970
95 0
95 6
95 89
157 0
816 686
816 713
816 746
83 0
1107 1039
1107 1074
1107 1079
1107 1083
1107 1101
1107 1123
1107 1126
1107 1130
1107 1156
1107 1191
1107 1211
1107 1230
1107 1302
1107 1330
1107 1335
1107 1399
1107 1458
1107 1471
1107 1509
1107 1516
1107 1538
1107 1539
1107 1547
1107 1554
1107 1559
1107 1563
1107 1571
1107 1598
1107 1617
1107 1619
1107 1623
1107 1662
1107 1757
1107 1768
1107 1789
1107 1793
1107 1832
1107 1842
1107 1845
1107 1864
1107 1879
1107 1886
1107 1888
1107 1902
64 0
64 100
1841 975
1841 1192
1841 1413
1841 1423
1841 1596
1841 1655
1841 1720
3195 1684
3195 2664
3195 2757
3195 2777
3195 2835
3195 2866
3195 2910
3195 2913
3195 2925
3195 2987
3195 2993
3195 3040
3195 3090
3195 3117
3195 3149
3195 3284
3195 3399
3195 3426
3195 3436
3892 3437
3892 3739
3892 3743
3892 3874
3892 3917
1538 999
1538 1128
1538 1146
1538 1156
1538 1195
1538 1198
1538 1211
1538 1302
1538 1335
1538 1339
1538 1340
1538 1344
1538 1365
1538 1398
1538 1471
1538 1559
1538 1563
1538 1623
1538 1653
1538 1662
1538 1735
1538 1757
1538 1780
1538 1789
1538 1793
1538 1888
989 1019
989 1413
989 1655
989 1720
989 1729
989 1751
989 1824
1294 1142
1294 1425
1294 1464
562 470
3527 3437
3527 3497
3527 3611
3527 3672
3527 3707
3527 3838
2390 1912
2390 1947
2390 1981
2390 2062
2390 2075
2390 2081
2390 2096
2390 2132
2390 2161
2390 2243
2390 2333
2390 2344
2390 2377
2390 2396
2390 2438
2390 2511
2390 2617
2305 1912
2305 2057
2305 2068
2305 2117
2305 2138
3534 3437
3534 3506
3534 3758
3534 3881
2483 1912
2483 2595
3922 3437
3165 1505
3165 1684
3165 2734
3165 2826
3165 3343
181 0
181 4
181 195
3639 3437
3639 3481
1660 948
1660 1354
1660 1430
1660 1464
1660 1565
1660 1695
1898 1039
1898 1083
1898 1101
1898 1126
1898 1146
1898 1156
1898 1191
1898 1330
1898 1399
1898 1402
1898 1471
1898 1483
1898 1547
1898 1559
1898 1598
1898 1619
1898 1757
1898 1768
1898 1772
1898 1804
1898 1832
1898 1879
1898 1888
1898 1902
3899 3437
3899 3675
3899 3757
3899 3774
6 0
6 89
3595 3437
3595 3739
3595 3743
3595 3857
3595 3917
853 686
853 694
853 695
853 710
853 713
853 719
853 745
853 766
1894 941
1894 969
1894 1102
1894 1108
1894 1128
1894 1303
1894 1316
1894 1324
1894 1350
1894 1373
1894 1382
1894 1392
1894 1396
1894 1435
1894 1451
1894 1595
1894 1729
1894 1751
1894 1812
1894 1820
1894 1824
1894 1907
534 563
2934 1684
2934 2696
2934 2724
2934 3002
2934 3075
2934 3275
2934 3295
2934 3370
720 686
720 719
720 745
720 764
720 790
720 808
3675 3437
3675 3519
3675 3757
3675 3774
3790 3437
3790 3497
3790 3518
3790 3578
3790 3611
3790 3683
3790 3828
3790 3838
2207 1912
2207 2255
2207 2550
2207 2622
2207 2650
345 0
345 67
345 285
345 315
1960 1912
1960 2105
1960 2126
1960 2129
1960 2162
1960 2231
1960 2236
1960 2335
1960 2628
3211 1684
3211 2826
442 412
442 563
2950 1684
2950 2869
2950 3075
2950 3360
3497 3437
3497 3518
3497 3611
3497 3672
3497 3707
3497 3838
3497 3940
2853 1684
2853 2869
2853 2992
2853 3082
2853 3169
2853 3201
2853 3239
2853 3267
2853 3277
2853 3344
3581 3437
3581 3481
38 0
38 7
38 339
3409 1505
3409 1684
3409 3082
3409 3151
3409 3406
3693 3437
3693 3480
3693 3547
3693 3556
3693 3577
3693 3677
3693 3756
3693 3838
3693 3841
3693 3970
874 867
874 872
1677 606
1677 936
1677 948
1677 1464
1677 1574
1677 1740
89 0
52 0
3435 1684
3435 2729
3435 2890
3435 2929
3435 2977
3435 2993
3435 3025
3435 3090
3435 3119
3435 3149
3435 3238
3435 3384
3192 1684
3192 2984
3192 3027
3192 3353
1484 920
1484 980
1484 993
1484 1003
1484 1175
1484 1185
1484 1230
1484 1845
1484 1888
1102 1108
1102 1303
1102 1316
1102 1324
1102 1373
1102 1382
1102 1396
1102 1451
1102 1475
1102 1729
1102 1751
1102 1812
1102 1820
145 0
145 179
1678 1126
1678 1360
1678 1450
1678 1555
1678 1726
1678 1811
453 437
2430 1912
2430 1929
2430 1984
2430 2005
2430 2064
2430 2073
2430 2095
2430 2122
2430 2154
2430 2200
2430 2201
2430 2290
2430 2299
2430 2306
2430 2309
2430 2369
2430 2374
2430 2392
2430 2395
2430 2414
2430 2460
2430 2476
2430 2484
2430 2489
2430 2520
2430 2546
2430 2552
2430 2563
2430 2578
2430 2604
2430 2607
2430 2625
2154 1912
2154 1929
2154 2058
2154 2064
2154 2073
2154 2095
2154 2122
2154 2165
2154 2200
2154 2201
2154 2212
2154 2257
2154 2276
2154 2290
2154 2299
2154 2306
2154 2309
2154 2369
2154 2374
2154 2395
2154 2407
2154 2414
2154 2418
2154 2460
2154 2484
2154 2489
2154 2546
2154 2578
2154 2604
2154 2607
2154 2625
799 686
799 719
799 745
1372 1212
1372 1910
1424 938
1424 1339
1424 1880
2416 1912
2416 1952
2416 2032
2416 2117
2416 2133
2416 2145
2416 2209
2416 2226
2416 2270
2416 2296
2416 2318
2416 2325
2416 2425
3238 1684
3238 2756
3238 2977
3238 2993
3238 3025
3238 3090
3238 3119
1376 920
1376 952
1376 980
1376 993
1376 999
1376 1003
1376 1049
1376 1054
1376 1074
1376 1101
1376 1126
1376 1128
1376 1130
1376 1146
1376 1175
1376 1182
1376 1185
1376 1191
1376 1195
1376 1211
1376 1230
1376 1302
1376 1312
1376 1335
1376 1340
1376 1344
1376 1399
1376 1471
1376 1509
1376 1513
1376 1516
1376 1539
1376 1547
1376 1554
1376 1559
1376 1563
1376 1570
1376 1617
1376 1623
1376 1653
1376 1662
1376 1685
1376 1689
1376 1735
1376 1737
1376 1757
1376 1768
1376 1782
1376 1789
1376 1793
1376 1804
1376 1811
1376 1826
1376 1842
1376 1846
1376 1864
1376 1879
1376 1888
1376 1891
1376 1902
1685 980
1685 993
1685 1074
1685 1079
1685 1126
1685 1146
1685 1156
1685 1185
1685 1230
1685 1312
1685 1330
1685 1344
1685 1483
1685 1570
1685 1768
1685 1775
1685 1804
1685 1845
1685 1879
1685 1888
1685 1902
2353 1912
2353 2073
2353 2122
2353 2200
2353 2212
2353 2257
2353 2290
2353 2299
2353 2309
2353 2414
2353 2495
2353 2550
2353 2551
2353 2563
2353 2607
2353 2625
3574 3437
3574 3611
3574 3762
3574 3828
3574 3877
3757 3437
3757 3519
3757 3774
3757 3918
3757 3975
9 0
9 56
9 67
9 113
9 128
9 161
9 231
9 276
9 285
9 315
9 329
1768 980
1768 993
1768 1054
1768 1074
1768 1079
1768 1101
1768 1126
1768 1128
1768 1146
1768 1175
1768 1182
1768 1185
1768 1191
1768 1195
1768 1198
1768 1211
1768 1230
1768 1302
1768 1312
1768 1330
1768 1339
1768 1399
1768 1402
1768 1458
1768 1471
1768 1483
1768 1509
1768 1516
1768 1539
1768 1553
1768 1554
1768 1559
1768 1563
1768 1570
1768 1571
1768 1614
1768 1623
1768 1662
1768 1688
1768 1735
1768 1757
1768 1772
1768 1793
1768 1804
1768 1811
1768 1842
1768 1845
1768 1863
1768 1864
1768 1879
1768 1888
1768 1891
1768 1902
1836 1123
1836 1126
1836 1327
1836 1369
1836 1563
1836 1735
470 555
1973 136
1973 1912
1973 1914
1973 1927
1973 2004
1973 2006
1973 2011
1973 2018
1973 2050
1973 2159
1973 2171
1973 2319
1973 2346
1973 2378
1973 2459
1973 2626
1973 2647
76 0
1234 1212
1234 1443
1234 1453
1234 1829
1234 1910
1850 941
1850 971
1850 1103
1850 1247
1850 1324
1850 1649
1850 1706
1850 1729
3518 3437
3518 3578
3518 3611
3518 3707
3518 3838
2319 136
2319 1465
2319 1912
2319 1947
2319 2032
2319 2039
2319 2062
2319 2068
2319 2081
2319 2117
2319 2132
2319 2133
2319 2138
2319 2189
2319 2203
2319 2241
2319 2254
2319 2279
2319 2292
2319 2333
2319 2343
2319 2344
2319 2445
2319 2471
2319 2475
2319 2491
2319 2511
2319 2617
2319 2643
2319 2649
2319 2653
3826 3437
3826 3506
3826 3509
3826 3711
3826 3794
3826 3869
3826 3924
3826 3947
3388 1684
3388 3052
3388 3333
3388 3394
2840 1684
2840 2734
2840 2881
2840 2992
2840 3002
2840 3082
2840 3267
2840 3287
574 631
2626 1912
2626 1914
2626 1958
2626 1998
2626 2004
2626 2006
2626 2159
2626 2346
838 686
838 703
838 754
838 764
3917 3437
3917 3743
3917 3819
3917 3857
3917 3874
1324 1382
1324 1396
1324 1729
1324 1751
1324 1820
1324 1824
3308 1684
3308 2724
3308 3266
2403 1912
2403 2049
2403 2335
3783 3437
1182 920
1182 980
1182 993
1182 1146
1182 1185
1182 1191
1182 1195
1182 1312
1182 1369
1182 1399
1182 1509
1182 1539
1182 1554
1182 1559
1182 1570
1182 1617
1182 1757
1182 1782
1182 1804
1182 1888
3526 3437
3526 3553
3526 3563
3526 3840
3526 3850
3526 3865
1500 1188
1500 1225
1500 1355
1500 1412
1500 1472
1500 1504
1500 1536
1500 1630
3480 3437
3480 3651
3480 3677
3480 3756
3480 3841
3480 3968
2051 1912
2051 2113
2051 2126
2051 2614
2484 1912
2484 1929
2484 1984
2484 2073
2484 2095
2484 2165
2484 2201
2484 2276
2484 2290
2484 2299
2484 2309
2484 2374
2484 2414
2484 2495
2484 2532
2484 2539
2484 2546
2484 2551
2484 2552
2484 2578
2484 2604
2484 2607
2484 2625
3645 3437
3645 3443
3645 3524
3645 3843
3360 1684
3360 2687
3360 2696
3360 2833
3360 2875
3360 2901
3360 3109
3360 3160
3360 3194
3360 3201
3360 3209
3360 3212
3360 3291
3360 3345
3360 3349
3360 3353
3360 3406
2269 1912
1175 980
1175 993
1175 1003
1175 1101
1175 1123
1175 1126
1175 1130
1175 1146
1175 1156
1175 1185
1175 1191
1175 1195
1175 1230
1175 1302
1175 1312
1175 1398
1175 1471
1175 1509
1175 1513
1175 1547
1175 1554
1175 1559
1175 1570
1175 1598
1175 1614
1175 1617
1175 1662
1175 1782
1175 1789
1175 1804
1175 1811
1175 1842
1175 1846
1175 1863
1175 1879
1175 1888
1175 1891
1175 1902
2722 1684
1493 938
1493 1118
1493 1333
1493 1880
1655 975
1655 1192
1655 1392
1655 1413
1655 1423
1655 1720
308 0
308 7
308 67
308 136
308 161
308 329
227 0
227 68
227 131
227 143
227 175
2664 1684
2664 2745
2664 2757
2664 2777
2664 2800
2664 2835
2664 2866
2664 2890
2664 2908
2664 2910
2664 2919
2664 2925
2664 2929
2664 2960
2664 3040
2664 3090
2664 3149
2664 3284
2664 3384
2664 3426
1696 1526
1696 1545
1696 1814
1949 1912
1949 2126
1949 2236
1952 1912
1952 2062
1952 2226
1952 2296
1952 2438
381 551
381 554
111 0
111 137
2276 1912
2276 1984
2276 2005
2276 2040
2276 2064
2276 2073
2276 2095
2276 2165
2276 2200
2276 2201
2276 2257
2276 2290
2276 2299
2276 2309
2276 2369
2276 2374
2276 2395
2276 2414
2276 2418
2276 2460
2276 2462
2276 2495
2276 2532
2276 2546
2276 2550
2276 2551
2276 2552
2276 2563
2276 2604
2276 2625
2614 1912
2614 2113
2614 2129
2064 1912
2064 1929
2064 1984
2064 2005
2064 2040
2064 2058
2064 2073
2064 2095
2064 2122
2064 2200
2064 2201
2064 2210
2064 2212
2064 2257
2064 2290
2064 2306
2064 2309
2064 2369
2064 2395
2064 2407
2064 2414
2064 2418
2064 2460
2064 2489
2064 2495
2064 2520
2064 2532
2064 2546
2064 2550
2064 2551
2064 2552
2064 2578
2064 2604
2064 2607
2064 2625
2801 1684
2801 3167
1185 952
1185 980
1185 993
1185 999
1185 1074
1185 1079
1185 1083
1185 1101
1185 1123
1185 1126
1185 1128
1185 1146
1185 1181
1185 1198
1185 1211
1185 1302
1185 1312
1185 1335
1185 1339
1185 1344
1185 1399
1185 1471
1185 1509
1185 1516
1185 1547
1185 1554
1185 1559
1185 1563
1185 1570
1185 1617
1185 1619
1185 1623
1185 1653
1185 1662
1185 1735
1185 1737
1185 1757
1185 1782
1185 1789
1185 1804
1185 1826
1185 1864
1185 1879
1185 1886
1185 1888
1185 1891
2729 1684
2729 2821
2729 2890
2729 2929
2729 2977
2729 2993
2729 3025
2729 3073
2729 3090
2729 3119
2729 3135
2729 3137
2729 3384
2729 3394
1812 1108
1812 1303
1812 1373
1812 1382
1812 1396
1812 1729
1812 1751
1812 1820
1812 1824
2252 1912
2252 2081
2252 2333
404 398
404 428
404 479
404 482
404 503
404 537
2471 136
2471 1912
2471 1947
2471 2032
2471 2039
2471 2068
2471 2081
2471 2117
2471 2132
2471 2133
2471 2138
2471 2161
2471 2189
2471 2203
2471 2241
2471 2254
2471 2279
2471 2292
2471 2333
2471 2343
2471 2344
2471 2377
2471 2445
2471 2473
2471 2475
2471 2491
2471 2511
2471 2519
2471 2617
2471 2643
2471 2649
294 0
97 0
97 182
3464 3437
3464 3443
3464 3529
3464 3554
3464 3630
3464 3823
298 0
298 56
298 212
298 265
3295 1684
3295 2696
3295 2724
3295 2728
3295 3002
3295 3019
3295 3154
3295 3412
3869 3437
3869 3506
3869 3509
3869 3529
3869 3794
3869 3924
3869 3947
2522 1912
2522 2161
1187 1360
1187 1410
1187 1511
1187 1553
1187 1567
941 969
941 971
941 1303
941 1412
941 1596
941 1638
941 1706
941 1729
941 1820
941 1824
941 1907
1555 950
1555 1136
1555 1251
1555 1360
1555 1410
1555 1511
1555 1553
1555 1567
1555 1726
3940 3437
3940 3672
3940 3838
3296 1684
3296 3027
3296 3050
3296 3051
3296 3179
3296 3201
3296 3344
3641 3437
2049 1912
2049 1965
2049 2158
2049 2231
2049 2335
2049 2628
2049 2644
767 686
767 714
767 839
1902 980
1902 993
1902 1074
1902 1083
1902 1101
1902 1126
1902 1211
1902 1230
1902 1335
1902 1399
1902 1471
1902 1483
1902 1547
1902 1559
1902 1570
1902 1571
1902 1598
1902 1689
1902 1772
1902 1804
1902 1811
1902 1842
1902 1845
1902 1864
1902 1879
1902 1888
1902 1911
2117 136
2117 1465
2117 1912
2117 1947
2117 2039
2117 2068
2117 2081
2117 2126
2117 2138
2117 2145
2117 2203
2117 2209
2117 2215
2117 2226
2117 2241
2117 2254
2117 2279
2117 2292
2117 2325
2117 2343
2117 2344
2117 2377
2117 2475
2117 2491
2117 2544
2117 2628
2117 2643
2117 2653
3019 1505
3019 1684
3019 2707
3019 2724
3019 2728
3019 2737
3019 2881
3019 2900
3019 3002
3019 3011
3019 3051
3019 3068
3019 3079
3019 3154
3019 3160
3019 3203
3019 3380
3019 3412
2489 1912
2489 2005
2489 2040
2489 2073
2489 2122
2489 2200
2489 2201
2489 2257
2489 2306
2489 2369
2489 2407
2489 2414
2489 2418
2489 2539
2489 2563
2489 2604
2489 2607
2489 2625
2095 1912
2095 1929
2095 1984
2095 2005
2095 2073
2095 2165
2095 2200
2095 2210
2095 2212
2095 2257
2095 2290
2095 2299
2095 2309
2095 2369
2095 2395
2095 2407
2095 2414
2095 2462
2095 2495
2095 2520
2095 2539
2095 2546
2095 2551
2095 2552
2095 2563
2095 2578
2095 2604
2095 2607
2095 2625
1247 971
1247 1052
1247 1217
1247 1453
1247 1649
1247 1729
2942 1684
2942 2665
2942 3404
839 686
839 714
839 725
182 0
1688 563
1688 993
1688 1049
1688 1054
1688 1079
1688 1230
1688 1339
1688 1340
1688 1344
1688 1553
1688 1572
1688 1689
1688 1737
1688 1745
1688 1804
1688 1811
1688 1845
1688 1864
1824 969
1824 1108
1824 1303
1824 1316
1824 1373
1824 1396
1824 1423
1824 1451
1824 1638
1824 1729
1824 1751
1824 1820
2424 1912
2424 2126
2424 2644
1929 1912
1929 1984
1929 2005
1929 2040
1929 2073
1929 2122
1929 2200
1929 2201
1929 2257
1929 2290
1929 2306
1929 2309
1929 2369
1929 2374
1929 2392
1929 2395
1929 2414
1929 2418
1929 2462
1929 2520
1929 2551
1929 2552
1929 2578
1929 2604
1929 2607
1929 2625
3270 1684
3270 2869
3270 2980
3270 3267
676 412
676 428
753 686
398 412
398 479
398 503
2041 1912
3239 1684
3239 2833
3239 2869
3239 2970
3239 3082
3239 3169
3239 3201
3239 3267
3239 3277
3239 3291
3239 3344
3239 3345
3239 3406
2335 1912
2335 1965
2335 2126
2335 2158
2335 2193
2335 2236
1410 950
1410 1136
1410 1251
1410 1360
986 1225
986 1355
986 1536
2551 1912
2551 1984
2551 2005
2551 2040
2551 2073
2551 2122
2551 2165
2551 2201
2551 2210
2551 2212
2551 2257
2551 2299
2551 2309
2551 2374
2551 2392
2551 2395
2551 2407
2551 2418
2551 2460
2551 2462
2551 2495
2551 2539
2551 2546
2551 2550
2551 2552
2551 2563
2551 2578
2551 2604
2551 2607
631 639
631 679
606 423
606 428
606 669
606 936
606 1012
606 1052
606 1371
606 1536
606 1565
606 1574
606 1738
606 1778
239 0
239 56
239 62
239 67
239 98
239 113
239 212
239 231
239 265
239 276
239 285
3249 1684
3249 2665
3249 3002
315 0
315 7
315 56
315 67
315 94
315 98
315 121
315 128
315 132
315 136
315 231
315 257
315 285
315 329
315 339
1136 563
1136 950
1136 1251
1136 1360
1136 1511
1136 1567
766 686
766 694
766 695
766 713
766 719
766 759
3227 1684
198 0
198 364
198 393
2929 1684
2929 2745
2929 2756
2929 2890
2929 2993
2929 3014
2929 3090
2929 3119
2929 3384
2374 1912
2374 1984
2374 2005
2374 2040
2374 2073
2374 2122
2374 2200
2374 2201
2374 2210
2374 2212
2374 2257
2374 2290
2374 2299
2374 2309
2374 2369
2374 2392
2374 2395
2374 2414
2374 2460
2374 2495
2374 2520
2374 2532
2374 2546
2374 2550
2374 2563
2374 2578
2374 2604
2374 2607
2374 2625
3201 1684
3201 2764
3201 2833
3201 2869
3201 2901
3201 2970
3201 2992
3201 3051
3201 3082
3201 3169
3201 3179
3201 3267
3201 3277
3201 3291
3201 3344
3201 3406
464 173
464 427
464 552
2255 1912
2255 2650
3002 1684
3002 2724
3002 2728
3002 3027
3002 3051
3002 3082
3002 3154
3002 3287
3002 3291
3002 3353
3002 3412
3333 1684
3333 3394
1748 1011
1748 1131
1748 1225
1748 1703
3399 1684
3399 2777
3399 2835
3399 2866
3399 2925
3399 2960
3399 3040
625 611
625 619
625 677
110 0
110 8
110 91
110 264
3630 3437
3630 3443
3630 3529
3683 3437
3683 3525
3683 3563
3683 3578
3683 3651
3683 3756
3683 3877
3683 3968
2263 1912
1726 1146
1726 1360
1726 1369
1726 1450
1726 1666
1726 1684
1726 3179
1888 952
1888 980
1888 993
1888 999
1888 1003
1888 1049
1888 1074
1888 1079
1888 1083
1888 1101
1888 1123
1888 1126
1888 1128
1888 1130
1888 1146
1888 1156
1888 1181
1888 1191
1888 1198
1888 1211
1888 1217
1888 1230
1888 1287
1888 1302
1888 1312
1888 1330
1888 1335
1888 1339
1888 1340
1888 1344
1888 1398
1888 1399
1888 1402
1888 1471
1888 1483
1888 1509
1888 1516
1888 1532
1888 1547
1888 1554
1888 1559
1888 1570
1888 1598
1888 1614
1888 1617
1888 1619
1888 1623
1888 1653
1888 1662
1888 1689
1888 1735
1888 1737
1888 1757
1888 1772
1888 1782
1888 1789
1888 1793
1888 1804
1888 1811
1888 1826
1888 1832
1888 1842
1888 1863
1888 1864
1888 1879
1888 1886
1888 1891
2012 1912
2012 2018
2012 2171
2012 2378
1570 980
1570 1074
1570 1146
1570 1156
1570 1191
1570 1198
1570 1211
1570 1312
1570 1330
1570 1344
1570 1483
1570 1509
1570 1516
1570 1553
1570 1554
1570 1559
1570 1563
1570 1598
1570 1623
1570 1772
1570 1804
1570 1811
1570 1842
1570 1891
999 1079
999 1126
999 1181
999 1211
999 1230
999 1335
999 1399
999 1471
999 1516
999 1532
999 1547
999 1554
999 1617
999 1653
999 1737
999 1757
999 1804
999 1842
999 1864
999 1879
3841 3437
3841 3501
3841 3525
3841 3577
3841 3651
3841 3677
3841 3756
3615 3437
247 0
247 120
1053 1607
1053 1808
3854 3437
3854 3918
3194 1684
3194 2687
3194 3209
3194 3212
2445 136
2445 1912
2445 2032
2445 2039
2445 2057
2445 2068
2445 2081
2445 2133
2445 2138
2445 2203
2445 2215
2445 2241
2445 2254
2445 2279
2445 2491
2445 2511
2445 2617
2445 2649
2445 2653
1762 1545
2735 1684
2735 2696
2735 3075
2735 3307
669 391
669 412
669 423
669 428
1327 1126
1327 1283
1327 1321
1327 1369
1327 1435
1327 1518
1327 1563
1327 1689
1327 1858
1327 1911
3620 3437
3620 3506
3620 3711
1423 975
1423 1021
1423 1192
1423 1316
1423 1413
1423 1636
1423 1720
872 867
56 0
56 62
56 67
56 98
56 113
56 128
56 132
56 136
56 161
56 212
56 222
56 231
56 265
56 276
56 285
1782 920
1782 980
1782 1123
1782 1126
1782 1195
1782 1458
1782 1513
1782 1516
1782 1559
1782 1563
1782 1614
1782 1757
1782 1804
1782 1826
1782 1842
1782 1886
1695 948
1695 1142
1695 1464
1695 1565
1695 1574
3307 1684
3307 3406
161 0
161 62
161 67
161 314
161 339
2546 1912
2546 1984
2546 2040
2546 2058
2546 2073
2546 2122
2546 2165
2546 2200
2546 2201
2546 2212
2546 2290
2546 2299
2546 2306
2546 2369
2546 2414
2546 2418
2546 2460
2546 2495
2546 2520
2546 2539
2546 2552
2546 2563
2546 2607
2546 2625
2519 1912
2519 2032
2519 2344
2519 2377
2519 2502
2519 2643
2519 2649
2757 1684
2757 2777
2757 2800
2757 2835
2757 2866
2757 2919
2757 2925
2757 2960
2757 3040
2757 3090
2757 3135
2757 3149
2757 3284
2757 3426
3190 1684
3190 3275
2081 136
2081 1465
2081 1912
2081 1947
2081 1981
2081 2032
2081 2039
2081 2057
2081 2062
2081 2068
2081 2075
2081 2132
2081 2133
2081 2138
2081 2161
2081 2189
2081 2215
2081 2241
2081 2243
2081 2254
2081 2279
2081 2292
2081 2333
2081 2343
2081 2344
2081 2377
2081 2396
2081 2438
2081 2462
2081 2475
2081 2491
2081 2511
2081 2617
2081 2643
2081 2649
2081 2653
2100 1912
2100 2113
1126 952
1126 980
1126 993
1126 1003
1126 1079
1126 1083
1126 1101
1126 1128
1126 1146
1126 1156
1126 1191
1126 1195
1126 1198
1126 1211
1126 1302
1126 1330
1126 1335
1126 1339
1126 1344
1126 1399
1126 1402
1126 1471
1126 1509
1126 1516
1126 1539
1126 1547
1126 1554
1126 1559
1126 1563
1126 1598
1126 1614
1126 1617
1126 1619
1126 1623
1126 1662
1126 1689
1126 1735
1126 1737
1126 1757
1126 1793
1126 1804
1126 1826
1126 1842
1126 1879
1126 1886
335 0
3349 1684
3349 3099
3349 3353
745 686
745 694
745 695
745 713
745 719
745 790
745 794
28 0
28 115
28 149
222 0
1123 1049
1123 1130
1123 1156
1123 1211
1123 1398
1123 1458
1123 1471
1123 1513
1123 1585
1123 1614
1123 1617
1123 1619
1123 1662
1123 1735
1123 1804
1123 1845
1123 1863
1123 1886
1123 1911
1434 1585
1434 1666
1434 1822
1434 1846
3509 3437
3509 3506
3509 3794
3509 3924
3509 3947
3069 1684
3069 2724
3069 3154
1904 1011
1904 1139
1904 1418
1904 1428
1904 1472
1904 1504
1904 1624
1904 1906
3344 1684
3344 2901
3344 2970
3344 2992
3344 3051
3344 3082
3344 3154
3344 3160
3344 3169
3344 3267
3344 3277
3344 3291
3344 3345
3344 3406
3277 1684
3277 2833
3277 2869
3277 2901
3277 2992
3277 3051
3277 3082
3277 3154
3277 3169
3277 3267
3277 3291
808 686
3525 3437
3525 3501
3525 3551
3525 3563
3525 3577
3525 3651
3525 3677
3525 3756
3525 3873
3525 3968
3525 3970
3370 1684
3370 2724
3370 3154
969 1108
969 1303
969 1396
969 1451
969 1729
969 1751
969 1820
1200 1574
2257 1912
2257 1984
2257 2055
2257 2073
2257 2122
2257 2165
2257 2200
2257 2201
2257 2290
2257 2299
2257 2309
2257 2369
2257 2392
2257 2414
2257 2418
2257 2462
2257 2520
2257 2539
2257 2563
2257 2576
2257 2578
2257 2604
2257 2607
2826 1505
2826 1684
1402 1083
1402 1101
1402 1399
1402 1483
1402 1559
1402 1571
1402 1598
1402 1617
1402 1619
1402 1757
1402 1772
1402 1826
1365 952
1365 1079
1365 1146
1365 1181
1365 1335
1365 1559
1365 1617
1365 1623
1365 1689
1365 1737
1365 1842
1365 1886
1906 1139
1906 1415
1906 1472
1906 1504
1906 1536
2215 1912
2215 2039
2215 2057
2215 2068
2215 2138
2215 2208
2215 2210
2215 2239
2215 2254
2215 2279
2215 2292
2215 2333
2226 1912
2226 2209
2226 2296
2226 2325
2226 2406
2226 2475
2298 1912
2298 2325
2298 2425
2298 2502
694 686
694 695
694 703
694 710
694 713
694 719
694 754
694 756
3732 3437
3838 3437
3838 3578
3838 3611
3838 3672
3838 3707
3838 3828
3838 3877
3838 3943
1565 948
1565 1142
1565 1526
1565 1740
2532 1912
2532 1984
2532 2073
2532 2201
2532 2212
2532 2290
2532 2306
2532 2309
2532 2369
2532 2395
2532 2460
2532 2495
2532 2520
2532 2539
2532 2552
2532 2604
2532 2607
2532 2625
2303 1912
2303 2189
2303 2476
128 0
128 67
128 98
128 265
938 1118
938 1333
938 1880
2073 1912
2073 1984
2073 2005
2073 2040
2073 2058
2073 2122
2073 2165
2073 2200
2073 2201
2073 2210
2073 2212
2073 2290
2073 2299
2073 2306
2073 2309
2073 2369
2073 2392
2073 2395
2073 2414
2073 2460
2073 2462
2073 2495
2073 2520
2073 2550
2073 2552
2073 2563
2073 2578
2073 2604
2073 2607
2073 2625
1012 936
1012 948
1012 1074
1012 1778
1012 1886
3741 3437
3741 3501
3741 3563
3741 3577
3741 3877
1846 1195
1846 1312
1846 1369
1846 1458
1846 1513
1846 1614
1846 1817
2913 1684
2913 2751
2913 2800
2913 2866
2913 2890
2913 2910
2913 2919
2913 2925
2913 2948
2913 2993
2913 3090
2913 3119
2913 3149
2913 3303
2913 3384
2913 3426
578 650
578 670
2299 1912
2299 1984
2299 2005
2299 2040
2299 2122
2299 2165
2299 2200
2299 2201
2299 2212
2299 2290
2299 2309
2299 2369
2299 2392
2299 2395
2299 2414
2299 2418
2299 2462
2299 2495
2299 2520
2299 2563
2299 2578
2299 2604
2299 2607
2299 2625
2096 1912
2096 2032
2096 2062
2096 2132
2096 2243
2096 2333
2096 2438
3529 3437
3529 3443
3529 3554
3529 3752
3529 3758
3529 3947
3529 3972
2105 1912
2105 2126
2105 2236
1598 993
1598 1003
1598 1083
1598 1101
1598 1130
1598 1198
1598 1211
1598 1287
1598 1302
1598 1330
1598 1335
1598 1339
1598 1471
1598 1483
1598 1516
1598 1559
1598 1571
1598 1619
1598 1662
1598 1757
1598 1772
1598 1789
1598 1793
1598 1804
1598 1826
1598 1832
1598 1842
1598 1879
1598 1886
677 611
677 619
1630 949
1630 1052
1630 1188
1630 1189
1630 1217
1630 1225
1630 1415
1630 1435
1630 1472
1630 1504
1630 1507
1630 1529
1630 1536
1630 1658
1630 1703
1630 1738
3427 1684
1398 1083
1398 1101
1398 1130
1398 1211
1398 1312
1398 1399
1398 1458
1398 1471
1398 1513
1398 1804
1398 1845
1398 1863
3050 1684
3050 3312
3353 1684
3353 2751
3353 2984
3353 3027
3353 3051
3353 3287
3353 3291
2539 1912
2539 1984
2539 2005
2539 2055
2539 2122
2539 2201
2539 2212
2539 2290
2539 2306
2539 2309
2539 2369
2539 2395
2539 2407
2539 2414
2539 2418
2539 2495
2539 2520
2539 2550
2539 2604
2539 2607
2539 2625
3075 1684
3075 3051
3618 3437
3618 3577
3618 3873
3618 3968
1038 1518
555 412
555 463
555 489
555 548
1130 1083
1130 1211
1130 1399
1130 1458
1130 1471
1130 1513
1130 1547
1130 1614
1130 1619
1130 1662
1130 1689
1130 1804
1130 1826
1130 1863
1130 1879
783 686
783 764
2800 1684
2800 2777
2800 2890
2800 2910
2800 2919
2800 2925
2800 2960
2800 3040
2800 3073
2800 3090
2800 3119
2800 3135
2800 3284
2800 3426
1961 1912
1961 2535
2788 1684
3756 3437
3756 3501
3756 3577
3756 3651
3756 3677
3756 3707
3756 3828
3756 3877
3756 3943
3756 3968
2604 1912
2604 1984
2604 2005
2604 2040
2604 2055
2604 2058
2604 2122
2604 2165
2604 2201
2604 2210
2604 2212
2604 2290
2604 2306
2604 2309
2604 2369
2604 2395
2604 2414
2604 2418
2604 2460
2604 2462
2604 2495
2604 2520
2604 2550
2604 2552
2604 2563
2604 2578
2604 2607
2604 2622
2604 2625
1108 1316
1108 1373
1108 1382
1108 1396
1108 1729
1108 1751
1108 1820
2696 1684
2696 2751
2696 3275
1134 1415
1134 1703
1344 980
1344 1049
1344 1054
1344 1079
1344 1128
1344 1146
1344 1181
1344 1198
1344 1339
1344 1340
1344 1399
1344 1532
1344 1554
1344 1572
1344 1623
1344 1653
1344 1689
1344 1735
1344 1737
1344 1757
1344 1789
1344 1804
3283 1684
3283 2834
2833 1684
2833 2869
2833 2875
2833 2992
2833 3011
2833 3051
2833 3079
2833 3082
2833 3154
2833 3179
2833 3212
2833 3267
2833 3291
2833 3345
2833 3406
1371 987
1371 1118
1371 1333
1371 1536
1371 1880
43 0
2306 1912
2306 2005
2306 2210
2306 2290
2306 2309
2306 2369
2306 2395
2306 2414
2306 2460
2306 2520
2306 2550
2306 2578
1131 1011
1131 1090
1131 1188
1131 1355
1131 1472
1131 1504
1131 1703
175 0
175 68
175 143
2476 1912
2476 2189
2476 2309
2476 2392
2476 2414
2476 2576
1545 428
1545 1212
1545 1425
1545 1526
1545 1574
1545 1778
1545 1910
91 0
91 8
91 245
91 264
215 0
3553 3437
3553 3470
3553 3563
3553 3598
3553 3778
3553 3827
3553 3840
2343 1912
2343 2032
2343 2068
2343 2132
2343 2133
2343 2203
2343 2241
2343 2254
2343 2292
2343 2325
2343 2333
2343 2344
2343 2475
2343 2491
2343 2649
3691 3437
1181 1079
1181 1198
1181 1211
1181 1335
1181 1339
1181 1340
1181 1399
1181 1516
1181 1532
1181 1547
1181 1554
1181 1623
1181 1653
1181 1662
1181 1689
1181 1737
1181 1793
1181 1804
1181 1826
1181 1879
1181 1886
197 0
197 36
197 184
197 251
197 281
197 329
2869 1666
2869 1684
2869 2737
2869 2881
2869 2980
2869 2992
2869 3051
2869 3082
2869 3169
2869 3267
1472 949
1472 1011
1472 1052
1472 1139
1472 1188
1472 1189
1472 1225
1472 1355
1472 1415
1472 1418
1472 1428
1472 1504
1472 1507
1472 1529
1472 1536
1472 1624
1472 1703
1472 1738
3051 1684
3051 2684
3051 2724
3051 2737
3051 2901
3051 2992
3051 3027
3051 3082
3051 3154
3051 3160
3051 3267
3051 3287
3051 3291
3051 3406
2005 1912
2005 2055
2005 2122
2005 2200
2005 2201
2005 2210
2005 2309
2005 2369
2005 2395
2005 2407
2005 2414
2005 2418
2005 2460
2005 2495
2005 2550
2005 2578
2005 2625
619 609
1049 980
1049 1054
1049 1128
1049 1146
1049 1191
1049 1230
1049 1340
1049 1399
1049 1554
1049 1572
1049 1623
1049 1653
1049 1689
1049 1737
1049 1845
1049 1864
1757 952
1757 993
1757 1079
1757 1083
1757 1101
1757 1146
1757 1198
1757 1211
1757 1287
1757 1302
1757 1335
1757 1339
1757 1369
1757 1399
1757 1471
1757 1516
1757 1532
1757 1547
1757 1554
1757 1559
1757 1572
1757 1619
1757 1653
1757 1662
1757 1735
1757 1737
1757 1793
1757 1804
1757 1879
1757 1886
3025 1684
3025 2756
3025 2890
3025 2987
3025 3073
3025 3090
3025 3119
3025 3135
3025 3137
3025 3231
3025 3394
3025 3426
3819 3437
3819 3739
3819 3743
3819 3874
3556 3437
3556 3611
3556 3688
3099 1684
3109 1684
3109 3212
3109 3345
1303 1007
1303 1021
1303 1396
1303 1595
1303 1729
1303 1751
1303 1820
2377 1912
2377 1947
2377 2032
2377 2068
2377 2075
2377 2132
2377 2133
2377 2138
2377 2241
2377 2292
2377 2333
2377 2344
2377 2396
2377 2438
2377 2475
2377 2511
2377 2617
2377 2649
1392 1413
1392 1475
1392 1636
1392 1720
120 0
120 136
1453 1052
1453 1212
1453 1217
1453 1330
1453 1443
1453 1829
2036 1912
2036 2133
2036 2291
2036 2318
2036 2406
2138 136
2138 1465
2138 1912
2138 2032
2138 2039
2138 2057
2138 2068
2138 2133
2138 2189
2138 2203
2138 2239
2138 2241
2138 2254
2138 2279
2138 2292
2138 2325
2138 2333
2138 2344
2138 2491
2138 2511
2138 2617
2138 2643
2138 2649
2138 2653
143 0
143 68
143 131
2167 1912
2167 2535
1804 980
1804 993
1804 1079
1804 1083
1804 1101
1804 1128
1804 1156
1804 1191
1804 1198
1804 1211
1804 1287
1804 1302
1804 1330
1804 1335
1804 1339
1804 1399
1804 1471
1804 1509
1804 1516
1804 1547
1804 1559
1804 1563
1804 1617
1804 1619
1804 1623
1804 1653
1804 1662
1804 1735
1804 1772
1804 1789
1804 1793
1804 1811
1804 1842
1804 1863
1804 1879
1804 1886
1146 980
1146 993
1146 1079
1146 1195
1146 1230
1146 1302
1146 1340
1146 1399
1146 1435
1146 1471
1146 1509
1146 1539
1146 1547
1146 1554
1146 1559
1146 1563
1146 1614
1146 1619
1146 1653
1146 1662
1146 1689
1146 1793
1146 1842
1146 1879
1146 1886
1146 1891
2200 1912
2200 1984
2200 2040
2200 2055
2200 2122
2200 2201
2200 2210
2200 2212
2200 2290
2200 2309
2200 2369
2200 2392
2200 2395
2200 2407
2200 2414
2200 2418
2200 2460
2200 2462
2200 2495
2200 2520
2200 2552
2200 2563
2200 2607
2200 2625
257 0
1312 980
1312 993
1312 1369
1312 1513
1312 1563
1312 1614
1312 1617
1312 1793
1312 1864
1312 1879
1418 1128
1418 1504
3267 1684
3267 2901
3267 2980
3267 2992
3267 3082
3267 3169
3267 3291
710 686
3412 1684
3412 2724
3412 2728
3412 2900
3412 3068
3412 3154
3412 3223
3412 3241
3412 3371
3968 3437
3968 3461
3968 3501
3968 3563
3968 3577
3968 3677
3968 3873
3968 3877
2039 136
2039 1912
2039 2032
2039 2057
2039 2068
2039 2189
2039 2203
2039 2241
2039 2254
2039 2279
2039 2292
2039 2333
2039 2475
2039 2511
2039 2643
2039 2653
2925 1684
2925 2777
2925 2866
2925 2910
2925 2919
2925 2960
2925 3040
2925 3117
2925 3284
2925 3426
1382 1316
1382 1373
1382 1396
1382 1729
1382 1751
1382 1820
153 0
3965 3437
3343 1684
3343 2734
3343 3328
463 428
463 437
463 489
3470 3437
3470 3767
3470 3778
3470 3796
3470 3876
1638 1192
1638 1373
1638 1396
1638 1820
2316 1912
2316 2193
2316 2231
242 0
242 94
242 132
3739 3437
3739 3743
3739 3874
3079 1505
3079 1684
3079 2684
3079 2733
3079 2875
3079 2992
3079 3011
3079 3067
3079 3160
3079 3179
2684 1684
2684 2737
2684 2875
2684 3011
2684 3179
1811 1191
1811 1330
1811 1335
1811 1554
1811 1559
1811 1842
285 0
285 67
285 98
285 113
285 136
2724 1684
2724 2728
2724 2737
2724 3011
2724 3068
2724 3154
2724 3203
2724 3223
2724 3266
952 993
952 1054
952 1128
952 1156
952 1211
952 1230
952 1302
952 1399
952 1516
952 1539
952 1554
952 1572
952 1617
952 1662
952 1689
952 1735
952 1793
952 1886
1003 1054
1003 1079
1003 1191
1003 1339
1003 1340
1003 1435
1003 1513
1003 1516
1003 1539
1003 1559
1003 1563
1003 1614
1003 1623
1003 1641
1003 1653
1003 1662
1003 1689
1003 1737
1003 1789
2607 1912
2607 1984
2607 2040
2607 2058
2607 2122
2607 2165
2607 2201
2607 2210
2607 2212
2607 2290
2607 2309
2607 2369
2607 2392
2607 2395
2607 2407
2607 2414
2607 2418
2607 2460
2607 2495
2607 2520
2607 2550
2607 2552
2607 2563
2607 2578
2607 2625
2333 1465
2333 1912
2333 1947
2333 1981
2333 2032
2333 2057
2333 2062
2333 2068
2333 2075
2333 2132
2333 2133
2333 2161
2333 2208
2333 2210
2333 2241
2333 2243
2333 2279
2333 2292
2333 2344
2333 2396
2333 2438
2333 2475
2333 2491
2333 2511
2333 2617
2333 2643
2333 2653
1595 1192
1595 1396
1595 1729
1595 1820
191 0
1483 1074
1483 1083
1483 1156
1483 1330
1483 1335
1483 1465
1483 1471
1483 1571
1483 1619
1483 1772
1483 1793
1483 1826
1483 1832
1483 1842
1483 1879
1396 1316
1396 1373
1396 1451
1396 1729
1396 1751
1396 1820
1619 1039
1619 1083
1619 1101
1619 1156
1619 1302
1619 1330
1619 1335
1619 1399
1619 1471
1619 1516
1619 1547
1619 1571
1619 1662
1619 1772
1619 1793
1619 1826
1619 1832
1619 1879
1619 1886
4013 4031
3151 1684
3151 2665
3151 3312
3151 3406
1399 980
1399 993
1399 1074
1399 1079
1399 1083
1399 1101
1399 1128
1399 1156
1399 1191
1399 1198
1399 1211
1399 1230
1399 1287
1399 1302
1399 1330
1399 1335
1399 1339
1399 1471
1399 1509
1399 1516
1399 1532
1399 1547
1399 1554
1399 1559
1399 1563
1399 1617
1399 1623
1399 1662
1399 1689
1399 1737
1399 1793
1399 1826
1399 1845
1399 1864
1399 1879
1287 993
1287 1101
1287 1211
1287 1471
1287 1516
1287 1547
1287 1554
1287 1559
1287 1617
1287 1623
1287 1735
1287 1826
1287 1845
1287 1864
1287 1886
1360 1033
1360 1511
1360 1553
1360 1567
100 0
100 163
100 269
81 0
81 269
948 1142
948 1464
948 1526
948 1574
948 1878
703 686
703 719
703 754
703 759
703 764
2707 1666
2707 1684
3918 3437
3918 3519
3918 3774
3918 3848
3918 3975
3524 3437
3524 3768
3053 1684
3053 3105
3053 3122
1596 975
1596 1019
1596 1021
1596 1192
1596 1373
1596 1413
1596 1475
1596 1636
1442 1133
1442 1471
3203 1684
3203 2848
3203 3082
3203 3208
3203 3275
3203 3291
3203 3345
3203 3406
3972 3437
3972 3443
3972 3554
3972 3752
2881 1684
2881 2848
2881 3124
2881 3287
1585 1666
1585 1822
437 406
437 572
3328 1684
3328 2665
3328 2700
2919 1684
2919 2777
2919 2866
2919 2890
2919 2910
2919 2960
2919 2993
2919 3014
2919 3073
2919 3149
2919 3284
2919 3426
2318 1912
2318 2133
2318 2270
2318 2291
2318 2325
2318 2406
2318 2425
4 0
4 195
1019 1021
1019 1192
1019 1350
1019 1413
1019 1475
1019 1636
1574 428
1574 563
1574 936
1574 1142
1574 1425
1574 1529
1574 1536
1574 1740
1574 1778
3154 1684
3154 2728
3154 2737
3154 2900
3154 2901
3154 3068
3154 3093
3154 3160
3154 3179
3154 3223
3154 3291
3154 3371
3154 3380
993 980
993 1079
993 1101
993 1128
993 1191
993 1195
993 1211
993 1302
993 1330
993 1335
993 1471
993 1509
993 1513
993 1516
993 1539
993 1554
993 1559
993 1617
993 1662
993 1689
993 1735
993 1772
993 1793
993 1842
993 1864
993 1886
993 1891
1559 980
1559 1083
1559 1101
1559 1191
1559 1211
1559 1230
1559 1330
1559 1335
1559 1369
1559 1471
1559 1509
1559 1516
1559 1539
1559 1547
1559 1554
1559 1563
1559 1662
1559 1689
1559 1735
1559 1772
1559 1789
1559 1793
1559 1826
1559 1842
1559 1864
1559 1879
1559 1891
251 0
251 36
251 184
251 281
522 529
522 568
1373 1451
1373 1481
1373 1703
1373 1706
1373 1729
1373 1820
1373 1907
3073 1684
3073 2756
3073 2777
3073 2890
3073 2910
3073 2960
3073 3119
3073 3135
3073 3137
3073 3284
3493 3437
3493 3506
3493 3711
3493 3924
2502 136
2502 1912
2502 2145
2502 2325
2502 2544
2502 2643
2502 2649
554 380
554 551
554 563
1217 563
1217 1052
1217 1435
1217 1536
1217 1658
1217 1738
1217 1910
794 686
794 695
794 713
794 719
1984 1912
1984 2040
1984 2055
1984 2165
1984 2201
1984 2212
1984 2290
1984 2309
1984 2369
1984 2395
1984 2407
1984 2414
1984 2418
1984 2460
1984 2462
1984 2520
1984 2550
1984 2552
1984 2563
1984 2576
1984 2578
1958 1912
1958 1927
1958 1998
1958 2006
1958 2050
1958 2159
1958 2171
1958 2645
1958 2647
1740 428
1740 936
1740 1778
3251 1684
3251 2930
3251 3105
3303 1684
3303 3014
3303 3052
3303 3090
3303 3092
3303 3237
3303 3426
1191 980
1191 1074
1191 1101
1191 1195
1191 1211
1191 1230
1191 1335
1191 1516
1191 1554
1191 1563
1191 1571
1191 1842
1191 1863
1191 1864
1191 1879
1858 1211
1858 1283
1858 1321
1858 1780
1858 1817
1858 1863
1858 1911
1914 1912
1914 1927
1914 2004
1914 2006
1914 2011
1914 2018
1914 2171
1914 2378
1914 2645
1914 2647
2254 136
2254 1912
2254 2032
2254 2057
2254 2068
2254 2133
2254 2189
2254 2241
2254 2279
2254 2344
2254 2396
2254 2475
2254 2491
2254 2511
2254 2617
2254 2649
2254 2653
2162 1912
2162 2126
2162 2325
2162 2341
3939 3437
563 391
563 420
563 427
563 428
563 520
563 634
563 1745
563 1808
563 1912
3149 1684
3149 2866
3149 2890
3149 2960
3149 2987
3149 2993
3149 3014
3149 3040
3149 3052
3149 3137
3149 3237
3149 3284
3149 3426
2171 136
2171 1912
2171 1927
2171 1998
2171 2004
2171 2006
2171 2011
2171 2018
2171 2050
2171 2159
2171 2346
2171 2378
2171 2459
2171 2645
2171 2647
3985 3993
3985 3995
1911 1230
1911 1283
1911 1321
1911 1571
1911 1817
1911 1863
2407 1912
2407 2040
2407 2122
2407 2290
2407 2369
2407 2395
2407 2414
2407 2625
1751 1729
1751 1820
2270 1912
2270 2209
2270 2425
2159 1912
2159 1927
2159 1998
2159 2006
2159 2018
2159 2346
1829 1212
1829 1910
276 0
276 62
276 98
1738 1052
1738 1536
427 173
427 428
3394 1684
3394 2745
3394 2890
3394 3137
3394 3231
3394 3426
2908 1684
2908 2777
2908 2960
2908 3040
2908 3284
2908 3426
1505 1140
1505 1283
1505 1369
1505 1450
1505 1461
1505 1666
1505 1684
1505 2734
1505 2764
1505 2883
1505 3011
2885 1684
1033 1511
1033 1567
1033 1697
3167 1684
3167 2901
3167 3236
1614 1195
1614 1471
1614 1516
1614 1689
1614 1735
1614 1772
1614 1864
1614 1886
2643 136
2643 1465
2643 1912
2643 2032
2643 2068
2643 2203
2643 2241
2643 2279
2643 2292
2643 2438
2643 2491
2643 2649
713 686
713 695
713 719
713 721
713 746
713 851
3052 1684
3052 2890
3052 2948
3052 2987
3052 3014
3052 3090
3052 3202
3052 3237
3052 3384
3554 3437
3554 3443
3554 3752
3554 3794
1074 980
1074 1211
1074 1230
1074 1465
1074 1553
1074 1554
1074 1617
1074 1662
1074 1793
1074 1842
1074 1845
1074 1864
1516 980
1516 1079
1516 1101
1516 1128
1516 1198
1516 1211
1516 1230
1516 1302
1516 1335
1516 1340
1516 1471
1516 1509
1516 1539
1516 1547
1516 1554
1516 1617
1516 1623
1516 1653
1516 1662
1516 1689
1516 1735
1516 1737
1516 1789
1516 1793
1516 1826
1516 1879
3975 3437
3975 3519
3975 3774
1513 1083
1513 1195
1513 1509
1513 1842
1567 1511
1567 1518
3778 3437
3778 3827
3778 3876
2325 1912
2325 1965
2325 2133
2325 2145
2325 2209
2325 2296
2325 2406
2325 2425
2325 2473
2325 2475
2325 2544
2279 136
2279 1465
2279 1912
2279 1947
2279 2032
2279 2062
2279 2068
2279 2133
2279 2189
2279 2241
2279 2292
2279 2396
2279 2491
2279 2511
2279 2617
2279 2649
1775 980
1775 1845
3947 3437
3947 3758
3947 3768
3947 3794
3947 3924
949 1052
949 1189
949 1415
949 1428
949 1507
949 1529
949 1536
3119 1684
3119 2821
3119 2835
3119 2890
3119 2910
3119 2960
3119 2977
3119 2993
3119 3090
3119 3135
1664 1607
3384 1684
3384 2756
3384 2890
3384 2977
3384 2993
3384 3014
3384 3090
3135 1684
3135 2756
3135 2821
3135 2993
1539 1079
1539 1128
1539 1340
1539 1435
1539 1623
1539 1653
1539 1689
1539 1789
3796 3437
3796 3501
3816 3437
3236 1684
2208 1912
2208 2040
2208 2057
2208 2292
2208 2462
2671 1684
1212 1425
1212 1443
1212 1910
1083 1101
1083 1211
1083 1302
1083 1330
1083 1471
1083 1547
1083 1662
1083 1789
1083 1826
1083 1832
2970 1684
2970 3082
2970 3169
2970 3179
3794 3437
3794 3506
3794 3711
3794 3924
2734 1684
2734 2848
2734 3027
2734 3287
241 0
3954 3437
3954 3861
2040 1912
2040 2055
2040 2165
2040 2201
2040 2210
2040 2212
2040 2290
2040 2309
2040 2369
2040 2392
2040 2395
2040 2460
2040 2550
3577 3437
3577 3501
3577 3611
3577 3651
3577 3677
3577 3828
3577 3873
3577 3877
3577 3943
2058 1912
2058 2290
2058 2309
2058 2395
2058 2552
3840 3437
3840 3850
2119 1912
2119 2129
2119 2644
3861 3437
3861 3600
2650 1912
2650 2622
1840 1703
1863 1211
1863 1283
1863 1321
1863 1458
1863 1471
1863 1817
1863 1879
136 0
136 7
136 67
136 339
136 1912
136 1998
136 2004
136 2018
136 2032
136 2068
136 2133
136 2189
136 2203
136 2292
136 2378
136 2459
136 2475
136 2491
136 2511
136 2571
136 2617
136 2647
136 2649
136 2653
2687 1684
2687 3209
2687 3212
2687 3345
1653 1079
1653 1156
1653 1198
1653 1211
1653 1339
1653 1340
1653 1532
1653 1572
1653 1735
1653 1789
1653 1826
2520 1912
2520 2122
2520 2165
2520 2201
2520 2212
2520 2290
2520 2309
2520 2369
2520 2392
2520 2395
2520 2414
2520 2460
2520 2495
2520 2550
2520 2578
2520 2625
746 686
2491 1465
2491 1912
2491 1947
2491 2032
2491 2057
2491 2068
2491 2132
2491 2133
2491 2161
2491 2189
2491 2203
2491 2292
2491 2396
2491 2473
2491 2511
2491 2617
2491 2649
2491 2653
1339 1079
1339 1128
1339 1335
1339 1340
1339 1471
1339 1532
1339 1563
1339 1572
1339 1623
1339 1689
1339 1735
1339 1737
1339 1789
1339 1826
1339 1879
1339 1886
1789 1101
1789 1156
1789 1198
1789 1335
1789 1340
1789 1471
1789 1532
1789 1547
1789 1572
1789 1617
1789 1662
1789 1689
1789 1737
1789 1879
719 686
719 695
719 756
719 759
719 764
3380 1684
3380 2751
3380 2901
3380 3027
3380 3093
3380 3124
3380 3291
1340 1079
1340 1198
1340 1532
1340 1547
1340 1572
1340 1623
1340 1826
1340 1886
3611 3437
3611 3578
3611 3672
3611 3762
3611 3877
1428 1052
1428 1189
1428 1624
1428 1703
231 0
231 329
1912 428
1912 1465
1912 1927
1912 1947
1912 1965
1912 1981
1912 1998
1912 2004
1912 2006
1912 2008
1912 2011
1912 2015
1912 2018
1912 2032
1912 2050
1912 2055
1912 2057
1912 2062
1912 2068
1912 2075
1912 2113
1912 2122
1912 2126
1912 2129
1912 2132
1912 2133
1912 2145
1912 2158
1912 2161
1912 2165
1912 2182
1912 2189
1912 2193
1912 2201
1912 2203
1912 2209
1912 2210
1912 2212
1912 2231
1912 2236
1912 2239
1912 2241
1912 2243
1912 2290
1912 2291
1912 2292
1912 2296
1912 2309
1912 2341
1912 2344
1912 2346
1912 2369
1912 2378
1912 2392
1912 2395
1912 2396
1912 2406
1912 2414
1912 2418
1912 2425
1912 2438
1912 2441
1912 2459
1912 2460
1912 2462
1912 2473
1912 2475
1912 2481
1912 2495
1912 2505
1912 2511
1912 2535
1912 2544
1912 2550
1912 2552
1912 2563
1912 2571
1912 2576
1912 2578
1912 2595
1912 2596
1912 2617
1912 2622
1912 2625
1912 2628
1912 2644
1912 2645
1912 2647
1912 2649
1912 2653
1156 1211
1156 1230
1156 1563
1156 1826
1156 1845
1156 1886
1156 1891
2751 1684
2751 2901
2751 3093
2751 3117
2751 3124
2751 3291
2756 1684
2756 2977
2756 2993
2756 3090
206 0
206 121
980 1079
980 1128
980 1195
980 1211
980 1230
980 1547
980 1554
980 1563
980 1662
980 1689
980 1793
980 1842
980 1845
980 1879
980 1891
1735 1128
1735 1211
1735 1302
1735 1471
1735 1509
1735 1563
1735 1617
1735 1662
1735 1689
1735 1845
1735 1886
3092 1684
3092 3237
1511 1553
131 0
163 0
163 173
3208 1684
2241 1947
2241 2032
2241 2068
2241 2132
2241 2133
2241 2189
2241 2203
2241 2292
2241 2344
2241 2475
2241 2617
2241 2649
1532 1079
1532 1198
1532 1617
1532 1623
1532 1886
2737 1684
2737 3160
1649 971
1649 1192
1649 1475
1649 1706
1649 1729
3970 3437
3970 3880
634 423
3067 1684
3067 2700
3312 1684
3312 3124
785 686
4000 3995
3578 3437
3578 3828
3578 3877
2231 1965
2231 2126
2231 2129
2231 2133
2231 2158
2231 2236
2231 2341
2231 2628
1817 1283
1817 1458
1817 1641
1817 1780
2789 1684
2789 2663
2789 2745
2789 3045
2789 3059
2789 3137
2789 3231
2132 1465
2132 1947
2132 1981
2132 2062
2132 2068
2132 2075
2132 2161
2132 2243
2132 2292
2132 2344
2132 2396
2132 2438
2132 2462
2132 2475
2132 2511
2132 2617
1706 971
1706 1103
1706 1192
1706 1475
1706 1636
1706 1729
3563 3437
3563 3873
2552 2165
2552 2201
2552 2309
2552 2369
2552 2414
2552 2460
2552 2495
2552 2550
2552 2563
2133 1947
2133 1965
2133 2032
2133 2068
2133 2145
2133 2189
2133 2203
2133 2209
2133 2210
2133 2239
2133 2291
2133 2292
2133 2296
2133 2344
2133 2406
2133 2475
2133 2511
2133 2617
2133 2649
2133 2653
2665 1684
2665 2984
2665 3027
2665 3082
2665 3345
2665 3406
2018 1927
2018 1998
2018 2004
2018 2006
2018 2050
2018 2346
2018 2378
2018 2459
2018 2571
2018 2645
2018 2647
3090 1684
3090 2663
3090 2866
3090 2890
3090 2910
3090 2987
3090 2993
3090 3014
3090 3040
3090 3137
3090 3231
3090 3426
2239 1465
2239 2203
364 393
195 0
3827 3437
7 0
7 339
1198 1079
1198 1211
1198 1335
1198 1471
1198 1563
1198 1623
1198 1689
1198 1737
1198 1879
503 391
503 412
503 423
503 479
503 537
1793 1079
1793 1101
1793 1128
1793 1211
1793 1230
1793 1335
1793 1471
1793 1547
1793 1554
1793 1563
1793 1571
1793 1617
1793 1689
1793 1772
1793 1842
1793 1845
1793 1864
1793 1879
2309 2122
2309 2165
2309 2189
2309 2201
2309 2210
2309 2212
2309 2290
2309 2369
2309 2392
2309 2395
2309 2414
2309 2418
2309 2460
2309 2462
2309 2495
2309 2550
2309 2563
2309 2578
2309 2625
68 0
2745 1684
2745 2866
2745 2960
2745 3237
2745 3284
2821 1684
3711 3437
3711 3506
3711 3758
3711 3881
3711 3924
2161 1947
2161 1981
2161 2032
2161 2062
2161 2068
2161 2075
2161 2243
2161 2292
2161 2344
2161 2396
2161 2438
2161 2473
2161 2475
2161 2511
2161 2617
2161 2649
1504 1011
1504 1052
1504 1139
1504 1188
1504 1225
1504 1355
1504 1507
1504 1536
1504 1624
1504 1703
1907 1729
1907 1820
3847 3437
3847 3677
3847 3979
2475 1947
2475 2032
2475 2068
2475 2203
2475 2344
2475 2649
1641 1178
1641 1283
3767 3437
3489 3437
3672 3437
3672 3707
3672 3877
1891 1195
1891 1283
1891 1509
1891 1554
1891 1563
1891 1662
1891 1689
265 0
265 67
265 98
265 311
2728 1684
2728 3241
2728 3371
3014 1684
3014 2890
3014 2960
3014 2977
3014 2987
3014 2993
98 0
98 62
98 67
98 113
502 391
502 548
1845 1101
1845 1211
1845 1230
1845 1458
1845 1554
1845 1563
1845 1617
1845 1662
1845 1864
1554 1054
1554 1101
1554 1128
1554 1195
1554 1211
1554 1230
1554 1283
1554 1330
1554 1335
1554 1471
1554 1509
1554 1547
1554 1563
1554 1617
1554 1623
1554 1662
1554 1689
1554 1737
1554 1826
1554 1864
1554 1879
2126 1965
2126 2008
2126 2129
2126 2236
2126 2341
2126 2535
2126 2628
3828 3437
3828 3651
3828 3677
3828 3707
212 0
212 67
1451 1729
1451 1820
132 0
132 113
132 311
3287 1684
3287 2875
3287 3011
3287 3406
3600 3437
1283 1321
1283 1369
2055 2201
2055 2369
2055 2414
2055 2550
3237 1684
3237 3117
3237 3284
3237 3426
1842 1039
1842 1101
1842 1211
1842 1230
1842 1330
1842 1335
1842 1471
1842 1509
1842 1662
1842 1689
1842 1772
1842 1826
1842 1864
1842 1879
2406 2145
2406 2291
2406 2296
2406 2473
173 0
173 34
3873 3437
3873 3501
3873 3651
3873 3877
3873 3943
2890 1684
2890 2663
2890 2866
2890 2910
2890 2977
2890 2993
2890 3137
2890 3426
2395 2189
2395 2201
2395 2210
2395 2212
2395 2290
2395 2369
2395 2392
2395 2414
2395 2460
2395 2462
2395 2495
2395 2550
2395 2578
2395 2625
3651 3437
3651 3501
3651 3677
3651 3877
1443 1910
2068 1465
2068 1947
2068 2032
2068 2057
2068 2189
2068 2203
2068 2344
2068 2473
2068 2511
2068 2571
2068 2617
2068 2649
2068 2653
3117 1684
3117 2835
3117 2910
3117 2960
3117 3027
3117 3040
3117 3124
1188 1052
1188 1355
1188 1536
1188 1703
2960 1684
2960 2777
2960 2835
2960 2910
2960 3040
2960 3284
2960 3426
1133 1471
1666 1140
1666 1450
1666 1684
1666 1792
1666 1822
1666 2883
754 686
754 695
489 474
2243 1947
2243 1981
2243 2062
2243 2075
2243 2344
2243 2396
2243 2438
2243 2511
2243 2617
67 0
67 62
67 113
3727 3437
2645 1998
2645 2004
2645 2006
2645 2011
2645 2050
2645 2346
2645 2378
2645 2459
2645 2647
3275 1684
3275 2901
3275 3291
2369 2122
2369 2165
2369 2201
2369 2210
2369 2212
2369 2290
2369 2392
2369 2414
2369 2460
2369 2462
2369 2495
2369 2550
2369 2563
2369 2576
2369 2578
2369 2625
2993 1684
2993 2866
2993 2977
2993 2987
2993 3137
2993 3426
3993 3995
90 0
90 179
1780 1321
1780 1369
1355 1052
1355 1225
1355 1536
1355 1703
1412 1745
2473 2032
2473 2145
2473 2292
2473 2296
2473 2396
2473 2649
3709 3437
1302 1101
1302 1128
1302 1211
1302 1471
1302 1617
1302 1826
1302 1886
2948 1684
2948 3436
3768 3437
3768 3758
1079 1101
1079 1128
1079 1211
1079 1335
1079 1471
1079 1547
1079 1623
1079 1662
1079 1689
1079 1737
1079 1879
1571 1211
1571 1330
1571 1662
1571 1772
1571 1864
1571 1879
2210 2057
2210 2201
2210 2290
2210 2414
2210 2495
2210 2578
1101 1211
1101 1230
1101 1330
1101 1335
1101 1471
1101 1547
1101 1662
1101 1864
1101 1879
2341 2236
3881 3437
2212 2165
2212 2201
2212 2290
2212 2414
2212 2418
2212 2460
2212 2462
2212 2495
2212 2550
2212 2563
2212 2625
1553 1189
2511 1947
2511 1981
2511 2032
2511 2057
2511 2062
2511 2075
2511 2189
2511 2292
2511 2344
2511 2396
2511 2438
2511 2617
2511 2649
2511 2653
1189 1011
1189 1415
1189 1507
1189 1529
851 686
1547 1211
1547 1230
1547 1335
1547 1471
1547 1623
1547 1662
1547 1737
1547 1826
1547 1832
1547 1864
1547 1879
1547 1886
2145 2236
2145 2296
2145 2544
62 0
920 1369
920 1792
3432 1684
2983 1684
2983 2935
2834 1684
3924 3437
3924 3506
3924 3758
216 0
3781 3437
3781 3823
3781 3946
2481 2535
2495 2122
2495 2165
2495 2201
2495 2290
2495 2392
2495 2414
2495 2418
2495 2460
2495 2550
2495 2563
2495 2625
3453 3437
1316 1729
1316 1820
2644 2129
2644 2236
2644 2628
3537 3437
714 686
714 725
2814 1684
1007 935
1007 1021
412 391
412 423
412 428
412 482
412 520
412 529
412 537
412 548
412 609
3437 3439
3437 3443
3437 3461
3437 3481
3437 3487
3437 3501
3437 3506
3437 3513
3437 3519
3437 3547
3437 3548
3437 3551
3437 3598
3437 3677
3437 3688
3437 3707
3437 3743
3437 3752
3437 3758
3437 3762
3437 3774
3437 3807
3437 3811
3437 3823
3437 3843
3437 3848
3437 3850
3437 3857
3437 3865
3437 3874
3437 3876
3437 3877
3437 3880
3437 3882
3437 3897
3437 3943
3437 3946
3437 3964
3437 3977
3437 3979
2462 2165
2462 2414
2462 2418
2462 2460
2462 2550
3547 3548
3547 3677
3231 1684
3231 2663
3231 3137
3897 3548
1458 1211
1333 1118
1333 1880
3506 3758
2910 1684
2910 2777
2910 2866
2910 3284
2910 3345
2910 3426
1039 1211
1039 1832
1039 1864
1624 1011
1624 1139
1624 1415
1624 1507
1879 1211
1879 1230
1879 1330
1879 1335
1879 1471
1879 1623
1879 1662
1879 1689
1879 1737
1879 1772
1879 1826
1879 1864
1662 1211
1662 1230
1662 1335
1662 1471
1662 1563
1662 1617
1662 1623
1662 1689
1662 1772
1662 1864
2740 1684
1572 1054
1572 1737
423 385
423 391
423 428
423 537
2006 1927
2006 1998
2006 2011
2006 2378
1139 1703
2653 2189
2653 2292
2653 2617
420 537
420 936
3439 3513
3551 3487
721 686
2835 1684
2165 2122
2165 2201
2165 2290
2165 2414
2165 2460
2165 2563
2165 2578
2165 2625
1772 1330
1772 1335
1772 1471
269 0
269 329
281 0
281 36
281 184
1195 1509
1195 1563
1563 1211
1563 1230
1563 1369
1563 1471
1563 1509
1563 1689
3169 1684
3169 2992
3169 3082
3169 3179
3169 3291
1350 1021
1350 1128
1350 1413
1350 1435
2733 1684
2733 3011
2733 3179
1864 1128
1864 1211
1864 1230
1864 1335
1864 1509
1864 1617
1864 1623
1864 1689
2980 1684
2344 1947
2344 1981
2344 2032
2344 2062
2344 2075
2344 2396
2344 2438
2344 2617
609 428
3124 1684
3027 1684
3027 2723
3027 2901
3027 2984
3027 2992
3027 3291
245 0
245 8
2122 2201
2122 2290
2122 2414
2122 2418
2122 2460
2122 2578
2122 2625
3212 1684
3212 3209
3212 3345
3212 3406
725 686
2032 1465
2032 1947
2032 2189
2032 2203
2032 2292
2032 2571
2032 2617
2032 2649
121 0
121 113
2290 2201
2290 2414
2290 2418
2290 2460
2290 2550
2290 2578
2290 2625
3946 3823
12 0
2004 1927
2004 1998
2004 2378
2004 2647
568 372
1792 1450
2987 1684
2987 3137
1128 1054
1128 1211
1128 1230
1128 1689
1128 1886
3093 1684
3093 3291
3406 1684
3406 2901
3406 3082
3406 3223
3406 3291
3406 3345
3082 1684
3082 2901
3082 2992
3082 3291
3082 3345
113 0
1140 1450
695 686
3291 1684
3291 2723
3291 2901
3291 2984
3291 2992
3291 3345
2057 2292
1981 1947
1981 2062
1981 2075
1981 2396
1981 2438
1981 2617
2438 1947
2438 2062
2438 2075
2438 2396
2438 2617
1720 1021
1720 1192
1720 1729
1720 1808
3443 3752
2700 1684
2700 2811
2700 2848
3943 3501
3943 3677
3943 3877
1886 1211
1886 1471
1886 1509
1886 1617
1886 1832
520 428
520 479
3059 1684
3059 3045
1335 1211
1335 1230
1335 1330
1335 1369
1335 1471
1335 1623
1335 1737
1090 1703
3857 3743
283 0
3345 1684
3345 2901
3345 3209
2418 2201
2418 2392
2418 2414
2418 2550
2418 2625
2663 1684
2663 3137
2663 3426
790 686
1737 1054
1737 1211
1737 1623
1737 1689
2883 1684
2883 3223
3179 1450
3179 1684
3179 2875
3179 3011
2811 1684
2984 1684
2984 2992
2984 3223
1826 1211
1826 1230
1826 1330
1826 1471
1826 1617
1826 1623
1826 1689
1636 975
1636 1021
1636 1192
1636 1413
1636 1475
1636 1820
1998 2011
1998 2050
1998 2346
1998 2378
1998 2459
1998 2571
1998 2647
311 0
314 0
1832 1471
2062 1947
2062 2075
2062 2396
2062 2617
1192 975
1192 1021
1192 1413
1330 1211
1330 1471
1330 1623
339 0
36 0
36 184
2236 2129
2236 2628
167 0
167 137
3183 1684
428 34
428 391
428 479
428 482
428 1425
428 1536
428 1778
1878 1142
1878 1464
1878 1526
3160 1684
3160 3011
2346 1927
2346 2378
2563 2201
2563 2414
1703 1011
1703 1225
1703 1536
2460 2201
2460 2392
2460 2414
2460 2550
2460 2576
2460 2578
2460 2625
2764 1684
2764 2941
2764 3011
2292 1465
2292 1947
2292 2189
2292 2203
2292 2396
2292 2425
2292 2544
2292 2617
2292 2649
750 686
2992 1684
2992 2901
1450 1684
1450 3011
1623 1211
1623 1471
1623 1689
3045 1684
1880 1118
1021 1413
1021 1475
1021 1729
2723 1684
2723 2901
2544 2203
1225 1052
1225 1536
2378 1927
2378 2050
2378 2459
2378 2647
3874 3743
2777 1684
2777 3284
2777 3426
3266 1684
1617 1211
1617 1230
1617 1369
1617 1509
1617 1689
1927 2011
1927 2459
1927 2647
3209 1684
391 482
391 548
94 0
1415 1507
3040 1684
3040 2866
3040 3284
3040 3426
2649 1465
2649 2189
2649 2203
2649 2617
1536 1052
2011 2459
670 650
3404 1684
0 8
0 15
0 34
0 115
0 137
0 149
0 179
0 184
0 264
0 329
1820 1729
3371 1684
3371 3223
3371 3241
1178 1369
1178 1461
3284 1684
3284 2866
3284 3426
2425 2209
2425 2296
975 1475
1011 1052
2296 2209
474 548
2941 1684
2941 3068
3426 1684
3426 2866
3426 3137
1947 2075
1947 2396
1947 2617
3011 1684
2647 2050
1230 1211
1230 1509
1230 1689
2900 1684
3137 1684
2901 1684
2901 2848
1729 971
1729 1435
2866 1684
1369 1461
1369 1471
1369 1509
2396 2075
2396 2459
2396 2617
1054 1435
1054 1529
1054 1689
1465 2203
3501 3677
3501 3877
3223 1684
3223 3241
3519 3774
2129 2628
1684 2774
1684 2848
1684 2875
1684 2922
1684 2930
1684 2935
1684 2977
1684 3068
1684 3105
1684 3122
1684 3202
1684 3241
1684 3436
756 686
3850 3598
329 184
764 686
1745 1529
548 482
2550 2189
2550 2201
2550 2414
2550 2578
2550 2622
2550 2625
1211 1471
1211 1509
1211 1689
2189 2203
2189 2617
149 115
1529 1052
1529 1778
1475 1413
2075 2617
743 686
1509 1321
1509 1471
1509 1689
2414 2201
2414 2578
2414 2625
8 264
2578 2201
2578 2576
2578 2625
3122 3105
2625 2201
115 137
1142 1464
1507 1052
759 686
1425 1778
1526 1464
